$ 1 0.000005 69.34413510434165 50 5 43 5e-11
R 448 112 528 112 0 0 40 9 0 0 0.5
r 208 416 304 416 0 1000000
g 448 688 480 688 0 0
162 448 192 448 304 2 default-led 1 0 0 0.01
t 400 608 448 608 0 1 -5.484325447257788 0.6427869404897926 250 default
r 448 112 448 192 0 182
w 448 496 448 592 0
t 304 416 352 416 0 1 -4.627501742770053 0.3569526157979912 250 default
t 352 512 400 512 0 1 -4.984454358568044 0.49987108868974395 250 default
w 352 432 352 512 0
w 400 528 400 608 0
w 448 624 448 688 0
w 448 496 400 496 0
w 352 400 448 400 0
w 448 496 448 400 0
w 448 400 448 304 0
R 208 416 208 352 0 0 40 1.5 0 0 0.5
