$ 1 0.000005 69.34413510434165 50 5 43 5e-11
R 128 192 128 128 0 0 40 9 0 0 0.5
g 448 608 448 640 0 0
162 448 496 448 608 2 default-led 1 0 0 0.01
t 576 416 528 416 0 1 -8.371308026777555 0.2576323804177609 250 default
r 448 256 448 336 0 182
t 400 416 448 416 0 1 -8.371308026743357 0.2576323804519594 250 default
R 448 192 448 128 0 0 40 9 0 0 0.5
R 704 192 704 128 0 0 40 9 0 0 0.5
s 128 256 128 336 0 1 false
s 704 256 704 336 0 1 false
r 704 192 704 256 0 1000
r 128 192 128 256 0 1000
w 704 336 704 416 0
w 576 416 704 416 0
w 448 256 448 192 0
w 448 432 448 464 0
w 448 464 528 464 0
w 528 464 528 432 0
w 528 400 528 368 0
w 528 368 448 368 0
w 448 336 448 368 0
w 448 368 448 400 0
w 448 464 448 496 0
w 400 416 128 416 0
w 128 416 128 336 0
