$ 1 0.000005 23.47059216675035 38 5 50 5e-11
r 256 384 464 384 0 10
w 464 384 624 384 0
r 624 384 624 656 0 1000
c 464 384 464 496 0 0.004951 -0.18951293380035983 0.001
l 464 496 464 656 0 0.040060000000000005 -0.12227176911819254 0
w 624 656 464 656 0
w 464 656 256 656 0
g 256 656 256 688 0 0
v 256 384 256 656 0 1 50 5 0 0 0.5
O 624 384 704 384 0 0
x 339 326 565 329 4 24 Aufgabe:\sBandsperre
o 9 16 0 xc3013 4.717818445554047 0.0001 0 1 1 2 0
38 3 F1 0 0.00009999999999999999 0.01 -1 Capacitance
38 4 F1 0 0.00009999999999999999 0.1 -1 Inductance
