$ 1 0.000005 16.817414165184545 50 5 50 5e-11
r 256 192 256 288 0 270
c 208 192 256 192 0 0.000047 -0.7476115130661051 0.001
R 208 192 160 192 0 1 40 0.01 0 0 0.159154943092
w 256 192 304 192 0
t 320 240 320 192 0 1 -5.261906750253395 0.7993836674326643 100 spice-default
g 256 288 256 304 0 0
c 320 240 320 288 0 0.00022 1.5508394217639225 0.001
w 256 288 320 288 0
w 320 240 384 240 0
w 320 288 384 288 0
r 384 240 384 288 0 8200
R 432 32 480 32 0 0 40 10 0 0 0.5
w 336 192 432 192 0
c 432 192 496 192 0 0.0000013 6.8009657305780795 0.001
r 496 192 496 288 0 1000
w 496 288 384 288 0
r 432 192 432 32 0 1200
w 432 32 384 32 0
r 384 32 384 240 0 39000
O 496 192 560 192 0 0
O 208 192 208 128 0 0
x 241 100 267 103 4 12 Input
423 240 104 222 118 0
o 19 64 0 12290 0.03582813764895174 0.0001 0 1
o 20 64 0 4098 0.0390625 0.1 1 1 input
