$ 1 0.000005 16.817414165184545 50 5 50 5e-11
w 256 96 352 96 0
r 256 96 256 192 0 465
t 304 192 352 192 0 1 0.6475621601998736 0.6623682030924591 200 default
c 208 192 256 192 0 0.000001 -6.502840922339564 0.001
R 208 192 160 192 0 1 40 0.01 0 0 0.159154943092
g 352 304 352 352 0 0
R 352 96 416 96 0 0 40 10 0 0 0.5
O 512 192 608 192 0 0
r 352 96 352 144 0 1000
c 432 192 512 192 0 0.000001 7.267620705864719 0.001
w 256 192 304 192 0
r 512 192 512 272 0 1000
g 512 272 512 352 0 0
w 352 144 352 176 0
403 176 272 304 336 0 2_64_4_12290_0.6623760137063286_0.0001_-1_1_Base,\sV
403 464 48 592 112 0 2_64_6_12290_0.014806071564085421_0.0001_-1_1_Collector,\sV
403 624 160 752 224 0 7_64_0_12290_5.849829659473311_0.0001_-1_1
S 352 176 432 176 0 0 false 0 2
w 432 160 512 160 0
w 512 160 512 192 0
g 416 304 416 352 0 0
r 352 224 352 304 0 1000
w 352 208 352 224 0
c 416 224 416 304 0 0.00001 5.834176260581094 0.001
w 352 224 416 224 0
423 352 176 464 97 0
423 304 192 246 265 0
