$ 1 0.000005 16.817414165184545 50 5 50 5e-11
w 256 112 352 112 0
r 256 112 256 192 0 465
t 304 192 352 192 0 1 -0.3173392834417261 0.6472909505799652 200 default
c 208 192 256 192 0 0.000001 -0.6402287746717452 0.001
R 208 192 160 192 0 1 40 0.01 0 0 0.159154943092
g 352 224 352 304 0 0
R 352 48 416 48 0 0 40 10 0 0 0.5
O 512 192 608 192 0 0
r 352 48 352 112 0 1000
c 432 192 512 192 0 0.000001 0.0009999999956389338 0.001
w 256 192 304 192 0
r 512 192 512 272 0 1000
g 512 272 512 304 0 0
w 352 112 352 176 0
403 256 384 384 448 0 2_64_4_12290_0.6472957758529277_0.0001_-1_1_Base,\sV
403 464 48 592 112 0 2_64_6_12290_0.9665672825810923_0.0001_-1_1_Collector,\sV
403 624 160 752 224 0 7_64_0_12290_0.9665672825810923_0.0001_-1_1
S 352 176 432 176 0 0 false 0 2
w 432 160 512 160 0
w 512 160 512 192 0
r 256 192 256 272 0 1000
w 352 208 352 224 0
423 352 176 464 97 0
423 305 194 295 379 0
g 256 272 256 304 0 0
