$ 1 0.000005 16.817414165184545 50 5 50 5e-11
w 256 96 352 96 0
r 256 96 256 192 0 465
t 304 192 352 192 0 1 0.672733037504734 0.6964838382242018 200 default
c 208 192 256 192 0 0.000001 -0.6930492082018663 0.001
R 208 192 160 192 0 1 40 0.01 0 0 0.159154943092
g 352 208 352 272 0 0
R 352 96 416 96 0 0 40 10 0 0 0.5
O 432 176 528 176 0 0
r 352 96 352 144 0 1000
c 352 176 432 176 0 0.000001 0.023750710967935414 0.001
w 256 192 304 192 0
r 432 176 432 256 0 1000
g 432 256 432 288 0 0
w 352 144 352 176 0
403 176 272 304 336 0 2_64_4_12290_0.6964888706578669_0.0001_-1_1_Base,\sV
403 464 48 592 112 0 2_64_6_12290_0.023750840641130155_0.0001_-1_1_Collector,\sV
403 544 144 672 208 0 7_64_0_12290_0.0001_0.0001_-1_1
