$ 1 0.000005 5.023272298708815 64 7 50 5e-11
w 112 224 112 256 0
c 112 256 112 320 0 2.82e-7 6.384394145335149 0.001
g 112 320 112 336 0 0
R 112 64 80 64 0 0 40 10 0 0 0.5
O 352 160 432 160 0 0
g 288 256 288 288 0 0
165 192 96 288 96 6 0
r 112 64 112 128 0 900.91
r 112 128 112 192 0 6100.39
w 192 128 112 128 0
w 256 64 112 64 0
w 112 192 112 224 0
w 112 224 192 224 0
w 192 224 192 192 0
w 320 160 352 160 0
w 256 64 320 64 0
w 320 64 320 128 0
g 256 352 256 368 0 0
c 256 304 256 352 0 0.00001 6.666665028896992 0.001
w 256 256 256 304 0
o 1 32 0 4099 10 0.00625 0 2 1 3
o 4 16 0 4106 10 0.00009765625 1 1
38 7 F1 0 1 10000 -1 R1
38 8 F1 0 1 10000 -1 R2
38 1 F1 0 5.0000000000000004e-8 0.0000015 -1 Capacitance
