$ 1 0.000005 16.817414165184545 50 5 50 5e-11
w 256 96 352 96 0
r 256 96 256 192 0 465
t 304 192 352 192 0 1 -0.043384900355858846 0.6529949491177174 100 default
c 208 192 256 192 0 0.000001 -9.948429991220559 0.001
R 208 192 160 192 0 1 40 0.01 0 0 0.159154943092
g 352 272 352 320 0 0
R 352 96 416 96 0 0 40 10 0 0 0.5
O 432 208 528 208 0 0
r 352 208 352 272 0 1000
c 352 208 432 208 0 0.000001 9.303620150526424 0.001
w 256 192 304 192 0
g 432 208 432 320 0 0
w 352 96 352 176 0
403 176 272 304 336 0 2_64_4_12290_0.653000479903378_0.0001_-1_1_Base,\sV
403 464 48 592 112 0 2_64_6_12290_0.6969853744232353_0.0001_-1_1_Collector,\sV
403 544 176 672 240 0 7_64_0_12290_0.0001_0.0001_-1_1
423 353 155 532 118 0
423 304 192 245 267 0
