$ 1 0.00000125 45.7144713268909 50 5 50 5e-11
c 928 944 928 1024 0 0.0000317 2.793447575610271 0.001
g 928 1024 928 1056 0 0
O 928 832 1008 832 0 0
r 800 832 928 832 0 100
170 800 832 752 832 3 20 60 5 0.5
l 928 832 928 944 0 0.5 -0.01325618575122887 0
x 763 734 924 737 4 24 LC\sBandsperre
o 4 256 0 4098 9.300356038739707 0.0001 0 2 4 3 in
o 2 256 0 4098 8.760738782529259 0.0001 1 1
o 0 256 3 4098 11.613187409275994 0.0001 2 3 5 0 5 3 capacitor
o 5 256 0 4098 13.420658595525179 0.0001 2 2 5 3 inductor
