$ 1 0.000005 22.512744558455275 50 5 50 5e-11
g 400 816 400 848 0 0
r 256 656 400 656 0 180
c 400 656 400 816 0 0.00001 0.4632335946731695 0.001
x 247 1012 557 1015 4 24 20*log_10(7V/10V)\s\q~\s-3dBV
x 244 1052 678 1055 4 24 z.B.:\sf_g\s\q\s1/2pi*3.5kOhm*49nF\s\q\s928Hz
g 816 816 816 848 0 0
c 688 656 816 656 0 0.00001 3.7235398512407976 0.001
r 816 656 816 816 0 33
x 319 526 644 529 4 24 RC-Tiefpass\svs.\sRC-Hochpass
170 256 656 176 656 3 20 1000 5 0.1
170 688 656 624 656 3 20 1000 5 0.1
O 400 656 464 656 0 0
O 816 656 880 656 0 0
o 9 32 0 4098 9.99999999854762 0.0001 0 2 9 3 RC-Tiefpass\sInput
o 11 32 0 4098 4.998806335080974 0.0001 0 1 RC-Tiefpass\sOutput
o 10 32 0 4098 6.5536 0.0001 1 2 10 3 RC-Hochpass\sInput
o 12 32 0 4098 1.6384 0.0001 1 1 RC-Hochpass\sOutput
