$ 1 0.000005 10.20027730826997 63 10 62 5e-11
v 112 368 112 48 0 0 40 10 0 0 0.5
w 112 48 240 48 0
r 240 48 240 208 0 10000
r 240 208 240 368 0 10000
w 112 368 240 368 0
O 240 208 304 208 1 0
w 240 48 432 48 0
w 240 368 432 368 0
r 432 48 432 128 0 10000
r 432 128 432 208 0 10000
r 432 208 432 288 0 10000
r 432 288 432 368 0 10000
O 432 128 496 128 1 0
O 432 208 496 208 1 0
O 432 288 496 288 1 0
x 139 32 161 35 4 18 A1
x 255 353 277 356 4 18 A2
x 450 376 472 379 4 18 A3
423 144 32 112 48 0
423 240 368 256 352 0
423 432 368 452 370 0
o 1 16 0 12289 0.0001 0.0001 0 8 1 3 3 0 11 0 3 0 3 3 11 0 11 3 A1,\sA2,\sA3
