$ 1 0.000005 13.097415321081861 50 5 50 5e-11
x 289 1091 419 1094 4 24 f_g\s\q\s500Hz
v 880 704 880 512 0 1 50 10 0 0 0.5
g 1248 704 1248 736 0 0
g 880 704 880 736 0 0
x 490 371 967 374 4 24 RC-Tiefpass\svs.\sRL-Tiefpass\svs.\sLC-Tiefpass
r 1248 704 1248 512 0 100
l 880 512 1248 512 0 0.033 -0.02303242460294778 0
g 224 704 224 736 0 0
g 592 704 592 736 0 0
v 224 704 224 512 0 1 50 10 0 0 0.5
l 560 832 928 832 0 0.33 -0.006770532753833519 0
g 560 1024 560 1056 0 0
g 928 1024 928 1056 0 0
v 560 1024 560 832 0 1 50 10 0 0 0.5
c 592 704 592 512 0 0.0000032999999999999997 2.3032424602947663 0.001
r 224 512 592 512 0 100
O 592 512 656 512 0 1
O 1248 512 1312 512 0 0
c 928 880 928 1024 0 1.2e-7 -3.3453954871126093 0.001
w 928 880 928 832 0
w 928 880 1040 880 0
r 1040 880 1040 1024 0 470
w 1040 1024 928 1024 0
O 1040 880 1120 880 0 0
o 16 32 0 12290 9.985299727636235 0.0001 0 3 17 0 23 0 RC
